,rsi,macd,macd_signal,bb_position,stoch_k,momentum_5,close,price_change,price_change_abs
rsi,1.0,0.5431206490961841,0.3227362719449748,0.8277217653479687,0.7919688469996329,0.5000079132015678,0.05531825455021892,0.24898151981337022,0.24893678117511686
macd,0.5431206490961841,1.0,0.9354919518133945,0.4116814547290363,0.3116881588341621,0.27514028267804336,0.16201663734599905,0.016249841651357493,0.01593295834507231
macd_signal,0.3227362719449748,0.9354919518133945,1.0,0.190770581276418,0.08779612207602394,0.039082080887719896,0.1613687876060067,-0.04034120693745263,-0.04059600091075987
bb_position,0.8277217653479687,0.4116814547290363,0.190770581276418,1.0,0.8895001560492275,0.6479106844893288,0.01174251157710727,0.4189534176168529,0.4190019367271439
stoch_k,0.7919688469996329,0.3116881588341621,0.08779612207602394,0.8895001560492275,1.0,0.5642545892759452,-0.02282350526097878,0.37174487290364866,0.37184302585600354
momentum_5,0.5000079132015678,0.27514028267804336,0.039082080887719896,0.6479106844893288,0.5642545892759452,1.0,0.06609215812578183,0.3949141446692535,0.39424372962407306
close,0.05531825455021892,0.16201663734599905,0.1613687876060067,0.01174251157710727,-0.02282350526097878,0.06609215812578183,1.0,0.03709196762428169,0.0373990985755196
price_change,0.24898151981337022,0.016249841651357493,-0.04034120693745263,0.4189534176168529,0.37174487290364866,0.3949141446692535,0.03709196762428169,1.0,0.9999356008493919
price_change_abs,0.24893678117511686,0.01593295834507231,-0.04059600091075987,0.4190019367271439,0.37184302585600354,0.39424372962407306,0.0373990985755196,0.9999356008493919,1.0
