,rsi,macd,macd_signal,bb_position,stoch_k,momentum_5,close,price_change,price_change_abs
rsi,1.0,0.5706835947343789,0.341937143748575,0.8575844863379454,0.8004517010176452,0.5229548548378099,0.10908229698084587,0.23747144588578353,0.23700923527748508
macd,0.5706835947343789,1.0,0.9354350377401509,0.4882956811827247,0.33848387405910935,0.183911191922161,0.15194009881227705,-0.019225804903219613,-0.019545808427520073
macd_signal,0.341937143748575,0.9354350377401509,1.0,0.2350178680714723,0.08793433784777553,-0.02181177771676668,0.12175017590876962,-0.07964403057612231,-0.07991301965981173
bb_position,0.8575844863379454,0.4882956811827247,0.2350178680714723,1.0,0.9109362416074366,0.7236527779645286,0.10077408495643807,0.3744752259009036,0.37401781535104794
stoch_k,0.8004517010176452,0.33848387405910935,0.08793433784777553,0.9109362416074366,1.0,0.7103880315877681,0.07046113921057039,0.4379002901107676,0.4375135270787856
momentum_5,0.5229548548378099,0.183911191922161,-0.02181177771676668,0.7236527779645286,0.7103880315877681,1.0,0.08099530207337563,0.35056803454483515,0.3499937491613279
close,0.10908229698084587,0.15194009881227705,0.12175017590876962,0.10077408495643807,0.07046113921057039,0.08099530207337563,1.0,0.035399097490488717,0.03631572509017076
price_change,0.23747144588578353,-0.019225804903219613,-0.07964403057612231,0.3744752259009036,0.4379002901107676,0.35056803454483515,0.035399097490488717,1.0,0.999951447722262
price_change_abs,0.23700923527748508,-0.019545808427520073,-0.07991301965981173,0.37401781535104794,0.4375135270787856,0.3499937491613279,0.03631572509017076,0.999951447722262,1.0
